0.02 1.6029e+07 2.47696e+09 0 1.01857e+07 6.02494e+08 0
0.04 7.57212e+07 1.49597e+10 0 4.1112e+07 1.32959e+10 0
0.06 1.2851e+08 3.74807e+10 0 5.9039e+07 2.65212e+10 0
0.08 1.41301e+08 2.91546e+10 0 6.67707e+07 2.35535e+10 0
0.1 1.18437e+08 2.04294e+10 0 6.60657e+07 1.52623e+10 0
0.12 1.07317e+08 4.06091e+10 0 6.51848e+07 2.92354e+10 0
0.14 9.346e+07 3.08798e+10 0 5.66122e+07 3.31337e+10 0
0.16 8.41211e+07 1.03377e+10 0 5.20368e+07 4.51073e+07 0
0.18 6.95491e+07 4.00766e+07 0 5.2176e+07 2.86622e+10 0
0.2 5.66367e+07 4.50552e+07 0 5.51544e+07 1.77295e+10 0
0.22 4.09925e+07 5.10977e+07 0 5.62233e+07 2.26484e+07 0
0.24 3.47294e+07 5.1795e+07 0 5.60687e+07 5.11788e+10 0
0.26 3.24464e+07 3.17982e+10 0 5.61668e+07 3.31814e+10 0
0.28 2.78376e+07 6.11219e+07 0 5.38477e+07 6.85507e+10 0
0.3 2.05746e+07 6.06095e+07 0 5.00501e+07 1.55224e+07 0
0.32 1.04461e+07 4.48507e+10 0 4.52039e+07 1.23307e+07 0
0.34 5.77066e+06 6.59404e+07 0 3.83816e+07 5.62106e+06 0
0.36 5.37865e+06 6.30876e+07 0 2.87846e+07 5.95195e+06 0
0.38 4.7838e+06 2.79705e+07 0 1.92388e+07 6.04733e+06 0
0.4 4.04938e+06 1.99703e+07 0 1.27187e+07 6.09148e+06 0
0.42 3.09283e+06 1.51857e+07 0 8.98249e+06 6.2713e+06 0
0.44 1.88126e+06 1.57416e+07 0 6.99785e+06 6.39105e+06 0
0.46 451308 1.61868e+07 0 4.50763e+06 4.83202e+06 0
0.48 0 1.5678e+07 0 1.48161e+06 0 0
0.5 0 0 0 0 0 0
0.52 0 0 0 0 0 0
0.54 0 0 0 0 0 0
0.56 0 0 0 0 0 0
0.58 0 0 0 0 0 0
0.6 0 0 0 0 0 0
0.62 0 0 0 0 0 0
0.64 0 0 0 0 0 0
0.66 0 0 0 0 3.29094e+09 0
0.68 0 0 0 0 0 0
0.7 0 0 0 0 0 0
0.72 0 0 0 0 0 0
0.74 0 0 0 0 0 0
0.76 0 0 0 0 0 0
0.78 0 0 0 0 0 0
0.8 0 0 0 0 0 0
0.82 0 0 0 0 0 0
0.84 0 0 0 0 0 0
0.86 0 0 0 0 0 0
0.88 0 0 0 0 0 0
0.9 0 0 0 0 0 0
0.92 0 0 0 0 0 0
0.94 0 0 0 0 0 0
0.96 0 0 0 0 0 0
0.98 0 0 0 0 0 0
1 0 0 0 0 0 0
1.02 0 0 0 0 0 0
1.04 0 0 0 0 0 0
1.06 0 0 0 0 0 0
1.08 0 0 0 0 0 0
1.1 0 0 0 0 0 0
1.12 0 0 0 0 0 0
1.14 0 0 0 0 0 0
1.16 0 0 0 0 0 0
1.18 0 0 0 0 0 0
1.2 0 0 0 0 0 0
1.22 0 0 0 0 0 0
1.24 0 0 0 0 0 0
1.26 0 0 0 0 0 0
1.28 0 0 0 0 0 0
1.3 0 0 0 0 0 0
1.32 0 0 0 0 0 0
1.34 0 0 0 0 0 0
1.36 0 0 0 0 0 0
1.38 0 0 0 0 0 0
1.4 0 0 0 0 0 0
1.42 0 0 0 0 0 0
1.44 0 0 0 0 0 0
1.46 0 0 0 0 0 0
1.48 0 0 0 0 0 0
0.0015 0 0 0 0 0 0
0.0215 0 0 0 0 0 0
0.0415 0 0 0 0 0 0
0.0615 0 0 0 0 0 0
0.0815 0 0 0 0 0 0
0.1015 0 0 0 0 0 0
0.1215 0 0 0 0 0 0
0.1415 0 0 0 0 0 0
0.1615 0 0 0 0 0 0
0.1815 0 0 0 0 0 0
0.2015 0 0 0 0 0 0
0.2215 0 0 0 0 0 0
0.2415 0 0 0 0 0 0
0.2615 0 0 0 0 0 0
0.2815 0 0 0 0 0 0
0.3015 0 0 0 0 0 0
0.3215 0 0 0 0 0 0
0.3415 0 0 0 0 0 0
0.3615 0 0 0 0 0 0
0.3815 0 0 0 0 0 0
0.4015 0 0 0 0 0 0
0.4215 0 0 0 0 0 0
0.4415 0 0 0 0 0 0
0.4615 0 0 0 0 0 0
0.4815 0 0 0 0 0 0
0.5015 0 0 0 0 0 0
0.5215 0 0 0 0 0 0
0.5415 0 0 0 0 0 0
0.5615 0 0 0 0 0 0
0.5815 0 0 0 0 0 0
0.6015 0 0 0 0 0 0
0.6215 0 0 0 0 0 0
0.6415 0 0 0 0 0 0
0.6615 0 0 0 0 0 0
0.6815 0 0 0 0 0 0
0.7015 0 0 0 0 0 0
0.7215 0 0 0 0 0 0
0.7415 0 0 0 0 0 0
0.7615 0 0 0 0 0 0
0.7815 0 0 0 0 0 0
0.8015 0 0 0 0 0 0
0.8215 0 0 0 0 0 0
0.8415 0 0 0 0 0 0
0.8615 0 0 0 0 0 0
0.8815 0 0 0 0 0 0
0.9015 0 0 0 0 0 0
0.9215 0 0 0 0 0 0
0.9415 0 0 0 0 0 0
0.9615 0 0 0 0 0 0
0.9815 0 0 0 0 0 0
1.0015 0 0 0 0 0 0
1.0215 0 0 0 0 0 0
1.0415 0 0 0 0 0 0
1.0615 0 0 0 0 0 0
1.0815 0 0 0 0 0 0
1.1015 0 0 0 0 0 0
1.1215 0 0 0 0 0 0
1.1415 0 0 0 0 0 0
1.1615 0 0 0 0 0 0
1.1815 0 0 0 0 0 0
1.2015 0 0 0 0 0 0
1.2215 0 0 0 0 0 0
1.2415 0 0 0 0 0 0
1.2615 0 0 0 0 0 0
1.2815 0 0 0 0 0 0
1.3015 0 0 0 0 0 0
1.3215 0 0 0 0 0 0
1.3415 0 0 0 0 0 0
1.3615 0 0 0 0 0 0
1.3815 0 0 0 0 0 0
1.4015 0 0 0 0 0 0
1.4215 0 0 0 0 0 0
1.4415 0 0 0 0 0 0
1.4615 0 0 0 0 0 0
1.4815 0 0 0 0 0 0
1.5015 0 0 0 0 0 0
1.5215 0 0 0 0 0 0
1.5415 0 0 0 0 0 0
1.5615 0 0 0 0 0 0
1.5815 0 0 0 0 0 0
1.6015 0 0 0 0 0 0
1.6215 0 0 0 0 0 0
1.6415 0 0 0 0 0 0
1.6615 0 0 0 0 0 0
1.6815 0 0 0 0 0 0
1.7015 0 0 0 0 0 0
1.7215 0 0 0 0 0 0
1.7415 0 0 0 0 0 0
1.7615 0 0 0 0 0 0
1.7815 0 0 0 0 0 0
1.8015 0 0 0 0 0 0
1.8215 0 0 0 0 0 0
1.8415 0 0 0 0 0 0
1.8615 0 0 0 0 0 0
1.8815 0 0 0 0 0 0
1.9015 0 0 0 0 0 0
1.9215 0 0 0 0 0 0
1.9415 0 0 0 0 0 0
1.9615 0 0 0 0 0 0
1.9815 0 0 0 0 0 0
2.0015 0 0 0 0 0 0
2.0215 0 0 0 0 0 0
2.0415 0 0 0 0 0 0
2.0615 0 0 0 0 0 0
2.0815 0 0 0 0 0 0
2.1015 0 0 0 0 0 0
2.1215 0 0 0 0 0 0
2.1415 0 0 0 0 0 0
2.1615 0 0 0 0 0 0
2.1815 0 0 0 0 0 0
2.2015 0 0 0 0 0 0
2.2215 0 0 0 0 0 0
2.2415 0 0 0 0 0 0
2.2615 0 0 0 0 0 0
2.2815 0 0 0 0 0 0
2.3015 0 0 0 0 0 0
2.3215 0 0 0 0 0 0
2.3415 0 0 0 0 0 0
2.3615 0 0 0 0 0 0
2.3815 0 0 0 0 0 0
2.4015 0 0 0 0 0 0
2.4215 0 0 0 0 0 0
2.4415 0 0 0 0 0 0
2.4615 0 0 0 0 0 0
2.4815 0 0 0 0 0 0
2.5015 0 0 0 0 0 0
2.5215 0 0 0 0 0 0
2.5415 0 0 0 0 0 0
2.5615 0 0 0 0 0 0
2.5815 0 0 0 0 0 0
2.6015 0 0 0 0 0 0
2.6215 0 0 0 0 0 0
2.6415 0 0 0 0 0 0
2.6615 0 0 0 0 0 0
2.6815 0 0 0 0 0 0
2.7015 0 0 0 0 0 0
2.7215 0 0 0 0 0 0
2.7415 0 0 0 0 0 0
2.7615 0 0 0 0 0 0
2.7815 0 0 0 0 0 0
2.8015 0 0 0 0 0 0
2.8215 0 0 0 0 0 0
2.8415 0 0 0 0 0 0
2.8615 0 0 0 0 0 0
2.8815 0 0 0 0 0 0
2.9015 0 0 0 0 0 0
2.9215 0 0 0 0 0 0
2.9415 0 0 0 0 0 0
2.9615 0 0 0 0 0 0
2.9815 0 0 0 0 0 0
3.0015 0 0 0 0 0 0
3.0215 0 0 0 0 0 0
3.0415 0 0 0 0 0 0
3.0615 0 0 0 0 0 0
3.0815 0 0 0 0 0 0
3.1015 0 0 0 0 0 0
3.1215 0 0 0 0 0 0
3.1415 0 0 0 0 0 0
3.1615 0 0 0 0 0 0
3.1815 0 0 0 0 0 0
3.2015 0 0 0 0 0 0
3.2215 0 0 0 0 0 0
3.2415 0 0 0 0 0 0
3.2615 0 0 0 0 0 0
3.2815 0 0 0 0 0 0
3.3015 0 0 0 0 0 0
3.3215 0 0 0 0 0 0
3.3415 0 0 0 0 0 0
3.3615 0 0 0 0 0 0
3.3815 0 0 0 0 0 0
3.4015 0 0 0 0 0 0
3.4215 0 0 0 0 0 0
3.4415 0 0 0 0 0 0
3.4615 0 0 0 0 0 0
3.4815 0 0 0 0 0 0
3.5015 0 0 0 0 0 0
3.5215 0 0 0 0 0 0
3.5415 0 0 0 0 0 0
3.5615 0 0 0 0 0 0
3.5815 0 0 0 0 0 0
3.6015 0 0 0 0 0 0
3.6215 0 0 0 0 0 0
3.6415 0 0 0 0 0 0
3.6615 0 0 0 0 0 0
3.6815 0 0 0 0 0 0
3.7015 0 0 0 0 0 0
3.7215 0 0 0 0 0 0
3.7415 0 0 0 0 0 0
3.7615 0 0 0 0 0 0
3.7815 0 0 0 0 0 0
3.8015 0 0 0 0 0 0
3.8215 0 0 0 0 0 0
3.8415 0 0 0 0 0 0
3.8615 0 0 0 0 0 0
3.8815 0 0 0 0 0 0
3.9015 0 0 0 0 0 0
3.9215 0 0 0 0 0 0
3.9415 0 0 0 0 0 0
3.9615 0 0 0 0 0 0
3.9815 0 0 0 0 0 0
4.0015 0 0 0 0 0 0
4.0215 0 0 0 0 0 0
4.0415 0 0 0 0 0 0
4.0615 0 0 0 0 0 0
4.0815 0 0 0 0 0 0
4.1015 0 0 0 0 0 0
4.1215 0 0 0 0 0 0
4.1415 0 0 0 0 0 0
4.1615 0 0 0 0 0 0
4.1815 0 0 0 0 0 0
4.2015 0 0 0 0 0 0
4.2215 0 0 0 0 0 0
4.2415 0 0 0 0 0 0
4.2615 0 0 0 0 0 0
4.2815 0 0 0 0 0 0
4.3015 0 0 0 0 0 0
4.3215 0 0 0 0 0 0
4.3415 0 0 0 0 0 0
4.3615 0 0 0 0 0 0
4.3815 0 0 0 0 0 0
4.4015 0 0 0 0 0 0
4.4215 0 0 0 0 0 0
4.4415 0 0 0 0 0 0
4.4615 0 0 0 0 0 0
4.4815 0 0 0 0 0 0
4.5015 0 0 0 0 0 0
4.5215 0 0 0 0 0 0
4.5415 0 0 0 0 0 0
4.5615 0 0 0 0 0 0
4.5815 0 0 0 0 0 0
4.6015 0 0 0 0 0 0
4.6215 0 0 0 0 0 0
4.6415 0 0 0 0 0 0
4.6615 0 0 0 0 0 0
4.6815 0 0 0 0 0 0
4.7015 0 0 0 0 0 0
4.7215 0 0 0 0 0 0
4.7415 0 0 0 0 0 0
4.7615 0 0 0 0 0 0
4.7815 0 0 0 0 0 0
4.8015 0 0 0 0 0 0
4.8215 0 0 0 0 0 0
4.8415 0 0 0 0 0 0
4.8615 0 0 0 0 0 0
4.8815 0 0 0 0 0 0
4.9015 0 0 0 0 0 0
4.9215 0 0 0 0 0 0
4.9415 0 0 0 0 0 0
4.9615 0 0 0 0 0 0
4.9815 0 0 0 0 0 0
5.0015 0 0 0 0 0 0
5.0215 0 0 0 0 0 0
5.0415 0 0 0 0 0 0
5.0615 0 0 0 0 0 0
5.0815 0 0 0 0 0 0
5.1015 0 0 0 0 0 0
5.1215 0 0 0 0 0 0
5.1415 0 0 0 0 0 0
5.1615 0 0 0 0 0 0
5.1815 0 0 0 0 0 0
5.2015 0 0 0 0 0 0
5.2215 0 0 0 0 0 0
5.2415 0 0 0 0 0 0
5.2615 0 0 0 0 0 0
5.2815 0 0 0 0 0 0
5.3015 0 0 0 0 0 0
5.3215 0 0 0 0 0 0
5.3415 0 0 0 0 0 0
5.3615 0 0 0 0 0 0
5.3815 0 0 0 0 0 0
5.4015 0 0 0 0 0 0
5.4215 0 0 0 0 0 0
5.4415 0 0 0 0 0 0
5.4615 0 0 0 0 0 0
5.4815 0 0 0 0 0 0
5.5015 0 0 0 0 0 0
5.5215 0 0 0 0 0 0
5.5415 0 0 0 0 0 0
5.5615 0 0 0 0 0 0
5.5815 0 0 0 0 0 0
5.6015 0 0 0 0 0 0
5.6215 0 0 0 0 0 0
5.6415 0 0 0 0 0 0
5.6615 0 0 0 0 0 0
5.6815 0 0 0 0 0 0
5.7015 0 0 0 0 0 0
5.7215 0 0 0 0 0 0
5.7415 0 0 0 0 0 0
5.7615 0 0 0 0 0 0
5.7815 0 0 0 0 0 0
5.8015 0 0 0 0 0 0
5.8215 0 0 0 0 0 0
5.8415 0 0 0 0 0 0
5.8615 0 0 0 0 0 0
5.8815 0 0 0 0 0 0
5.9015 0 0 0 0 0 0
5.9215 0 0 0 0 0 0
5.9415 0 0 0 0 0 0
5.9615 0 0 0 0 0 0
5.9815 0 0 0 0 0 0
6.0015 0 0 0 0 0 0
6.0215 0 0 0 0 0 0
6.0415 0 0 0 0 0 0
6.0615 0 0 0 0 0 0
6.0815 0 0 0 0 0 0
6.1015 0 0 0 0 0 0
6.1215 0 0 0 0 0 0
6.1415 0 0 0 0 0 0
6.1615 0 0 0 0 0 0
6.1815 0 0 0 0 0 0
6.2015 0 0 0 0 0 0
6.2215 0 0 0 0 0 0
6.2415 0 0 0 0 0 0
6.2615 0 0 0 0 0 0
6.2815 0 0 0 0 0 0
6.3015 0 0 0 0 0 0
6.3215 0 0 0 0 0 0
6.3415 0 0 0 0 0 0
6.3615 0 0 0 0 0 0
6.3815 0 0 0 0 0 0
6.4015 0 0 0 0 0 0
6.4215 0 0 0 0 0 0
6.4415 0 0 0 0 0 0
6.4615 0 0 0 0 0 0
6.4815 0 0 0 0 0 0
6.5015 0 0 0 0 0 0
6.5215 0 0 0 0 0 0
6.5415 0 0 0 0 0 0
6.5615 0 0 0 0 0 0
6.5815 0 0 0 0 0 0
6.6015 0 0 0 0 0 0
6.6215 0 0 0 0 0 0
6.6415 0 0 0 0 0 0
6.6615 0 0 0 0 0 0
6.6815 0 0 0 0 0 0
6.7015 0 0 0 0 0 0
6.7215 0 0 0 0 0 0
6.7415 0 0 0 0 0 0
6.7615 0 0 0 0 0 0
6.7815 0 0 0 0 0 0
6.8015 0 0 0 0 0 0
6.8215 0 0 0 0 0 0
6.8415 0 0 0 0 0 0
6.8615 0 0 0 0 0 0
6.8815 0 0 0 0 0 0
6.9015 0 0 0 0 0 0
6.9215 0 0 0 0 0 0
6.9415 0 0 0 0 0 0
6.9615 0 0 0 0 0 0
6.9815 0 0 0 0 0 0
7.0015 0 0 0 0 0 0
7.0215 0 0 0 0 0 0
7.0415 0 0 0 0 0 0
7.0615 0 0 0 0 0 0
7.0815 0 0 0 0 0 0
7.1015 0 0 0 0 0 0
7.1215 0 0 0 0 0 0
7.1415 0 0 0 0 0 0
7.1615 0 0 0 0 0 0
7.1815 0 0 0 0 0 0
7.2015 0 0 0 0 0 0
7.2215 0 0 0 0 0 0
7.2415 0 0 0 0 0 0
7.2615 0 0 0 0 0 0
7.2815 0 0 0 0 0 0
7.3015 0 0 0 0 0 0
7.3215 0 0 0 0 0 0
7.3415 0 0 0 0 0 0
7.3615 0 0 0 0 0 0
7.3815 0 0 0 0 0 0
7.4015 0 0 0 0 0 0
7.4215 0 0 0 0 0 0
7.4415 0 0 0 0 0 0
7.4615 0 0 0 0 0 0
7.4815 0 0 0 0 0 0
7.5015 0 0 0 0 0 0
7.5215 0 0 0 0 0 0
7.5415 0 0 0 0 0 0
7.5615 0 0 0 0 0 0
7.5815 0 0 0 0 0 0
7.6015 0 0 0 0 0 0
7.6215 0 0 0 0 0 0
7.6415 0 0 0 0 0 0
7.6615 0 0 0 0 0 0
7.6815 0 0 0 0 0 0
7.7015 0 0 0 0 0 0
7.7215 0 0 0 0 0 0
7.7415 0 0 0 0 0 0
7.7615 0 0 0 0 0 0
7.7815 0 0 0 0 0 0
7.8015 0 0 0 0 0 0
7.8215 0 0 0 0 0 0
7.8415 0 0 0 0 0 0
7.8615 0 0 0 0 0 0
7.8815 0 0 0 0 0 0
7.9015 0 0 0 0 0 0
7.9215 0 0 0 0 0 0
7.9415 0 0 0 0 0 0
7.9615 0 0 0 0 0 0
7.9815 0 0 0 0 0 0
8.0015 0 0 0 0 0 0
8.0215 0 0 0 0 0 0
8.0415 0 0 0 0 0 0
8.0615 0 0 0 0 0 0
8.0815 0 0 0 0 0 0
8.1015 0 0 0 0 0 0
8.1215 0 0 0 0 0 0
8.1415 0 0 0 0 0 0
8.1615 0 0 0 0 0 0
8.1815 0 0 0 0 0 0
8.2015 0 0 0 0 0 0
8.2215 0 0 0 0 0 0
8.2415 0 0 0 0 0 0
8.2615 0 0 0 0 0 0
8.2815 0 0 0 0 0 0
8.3015 0 0 0 0 0 0
8.3215 0 0 0 0 0 0
8.3415 0 0 0 0 0 0
8.3615 0 0 0 0 0 0
8.3815 0 0 0 0 0 0
8.4015 0 0 0 0 0 0
8.4215 0 0 0 0 0 0
8.4415 0 0 0 0 0 0
8.4615 0 0 0 0 0 0
8.4815 0 0 0 0 0 0
8.5015 0 0 0 0 0 0
8.5215 0 0 0 0 0 0
