0.02 4.2539e+13 1.83588e+16 0 2.67043e+13 5.45233e+15 0
0.04 9.91683e+13 5.52254e+16 0 1.32393e+14 3.05116e+16 0
0.06 6.76759e+13 3.37691e+16 0 2.59964e+14 6.18988e+16 0
0.08 5.88193e+13 1.87936e+16 0 3.73276e+14 7.05619e+16 0
0.1 6.46826e+13 1.65214e+16 0 4.47962e+14 8.02905e+16 0
0.12 7.34982e+13 2.14399e+16 0 5.04068e+14 8.93906e+16 0
0.14 7.93953e+13 1.95878e+16 0 5.37371e+14 1.21936e+17 0
0.16 8.6967e+13 2.00432e+16 0 5.67817e+14 1.49537e+17 0
0.18 8.70739e+13 1.88215e+16 0 5.89882e+14 1.75574e+17 0
0.2 8.34e+13 1.61935e+16 0 6.04318e+14 2.01805e+17 0
0.22 8.51075e+13 1.20828e+16 0 6.15351e+14 1.89675e+17 0
0.24 8.59698e+13 9.85896e+15 0 6.23763e+14 1.94138e+17 0
0.26 7.84523e+13 1.03729e+16 0 6.17508e+14 1.65918e+17 0
0.28 6.92465e+13 9.05621e+15 0 6.02478e+14 1.66709e+17 0
0.3 6.50111e+13 6.34377e+15 0 5.77824e+14 1.74054e+17 0
0.32 6.09149e+13 1.65394e+15 0 5.49089e+14 1.57987e+17 0
0.34 5.78311e+13 2.76495e+15 0 5.17169e+14 1.3159e+17 0
0.36 5.40288e+13 3.14842e+15 0 4.93457e+14 1.25617e+17 0
0.38 3.92762e+13 1.92715e+15 0 4.66333e+14 1.0481e+17 0
0.4 4.41872e+13 5.42388e+14 0 4.35877e+14 8.97937e+16 0
0.42 3.1698e+13 2.27809e+15 0 4.06778e+14 8.904e+16 0
0.44 2.74189e+13 6.34169e+14 0 3.7096e+14 7.11951e+16 0
0.46 2.45641e+13 4.30207e+14 0 3.37065e+14 5.89435e+16 0
0.48 2.16613e+13 4.65099e+14 0 3.04818e+14 3.20145e+16 0
0.5 2.23788e+13 4.57953e+14 0 2.75846e+14 4.65342e+16 0
0.52 1.67289e+13 4.36586e+14 0 2.56607e+14 3.0174e+16 0
0.54 1.59036e+13 3.93136e+14 0 2.38416e+14 1.62159e+16 0
0.56 1.02106e+13 3.32186e+14 0 2.16345e+14 3.21588e+16 0
0.58 8.01591e+12 3.37243e+15 0 1.95178e+14 1.89457e+16 0
0.6 5.34956e+12 3.01175e+14 0 1.75084e+14 3.33493e+16 0
0.62 7.12838e+12 2.29418e+14 0 1.62939e+14 1.82695e+16 0
0.64 8.14843e+12 2.18596e+14 0 1.49907e+14 2.29592e+16 0
0.66 6.45468e+12 1.45332e+14 0 1.35878e+14 8.19713e+15 0
0.68 2.66129e+12 1.29149e+14 0 1.23896e+14 8.7363e+15 0
0.7 5.03201e+12 3.34179e+14 0 1.08169e+14 4.51514e+15 0
0.72 6.41228e+11 1.79903e+14 0 9.64846e+13 6.41228e+11 0
0.74 5.90181e+11 2.56036e+14 0 8.43763e+13 5.90181e+11 0
0.76 5.70533e+11 1.67681e+14 0 7.69737e+13 5.70533e+11 0
0.78 5.46103e+11 7.1994e+13 0 7.1994e+13 5.46103e+11 0
0.8 5.16666e+11 1.62885e+14 0 6.61029e+13 5.16666e+11 0
0.82 3.89116e+11 5.78885e+13 0 5.78885e+13 3.89116e+11 0
0.84 1.67814e+11 4.65695e+13 0 4.65695e+13 1.67814e+11 0
0.86 0 1.52242e+14 0 4.04218e+13 0 0
0.88 0 3.5784e+13 0 3.5784e+13 0 0
0.9 0 1.55269e+14 0 3.25512e+13 0 0
0.92 0 2.84639e+13 0 2.84639e+13 0 0
0.94 0 2.63508e+13 0 2.63508e+13 0 0
0.96 0 2.24923e+13 0 2.24923e+13 0 0
0.98 0 2.12446e+13 0 2.12446e+13 0 0
1 0 1.97263e+13 0 1.97263e+13 0 0
1.02 0 1.86483e+13 0 1.86483e+13 0 0
1.04 0 1.77581e+13 0 1.77581e+13 0 0
1.06 0 1.52561e+13 0 1.52561e+13 0 0
1.08 0 1.36947e+13 0 1.36947e+13 0 0
1.1 0 1.35326e+13 0 1.35326e+13 0 0
1.12 0 1.34379e+13 0 1.34379e+13 0 0
1.14 0 1.2268e+13 0 1.2268e+13 0 0
1.16 0 1.19777e+13 0 1.19777e+13 0 0
1.18 0 1.17194e+13 0 1.17194e+13 0 0
1.2 0 1.04626e+13 0 1.04626e+13 0 0
1.22 0 1.00572e+13 0 1.00572e+13 0 0
1.24 0 1.01731e+13 0 1.01731e+13 0 0
1.26 0 9.88928e+12 0 9.88928e+12 0 0
1.28 0 8.97403e+12 0 8.97403e+12 0 0
1.3 0 7.77396e+12 0 7.77396e+12 0 0
1.32 0 7.72074e+12 0 7.72074e+12 0 0
1.34 0 6.24942e+12 0 6.24942e+12 0 0
1.36 0 4.06723e+12 0 4.06723e+12 0 0
1.38 0 2.75083e+12 0 2.75083e+12 0 0
1.4 0 2.8124e+12 0 2.8124e+12 0 0
1.42 0 2.8506e+12 0 2.8506e+12 0 0
1.44 0 2.73526e+12 0 2.73526e+12 0 0
1.46 0 2.1833e+12 0 2.1833e+12 0 0
1.48 0 1.97355e+12 0 1.97355e+12 0 0
1.5 0 2.02191e+12 0 2.02191e+12 0 0
1.52 0 2.02338e+12 0 2.02338e+12 0 0
1.54 0 1.16237e+12 0 1.16237e+12 0 0
1.56 0 1.76808e+11 0 1.76808e+11 0 0
1.58 0 0 0 0 0 0
1.6 0 0 0 0 0 0
1.62 0 0 0 0 0 0
1.64 0 0 0 0 0 0
1.66 0 0 0 0 0 0
1.68 0 0 0 0 0 0
1.7 0 0 0 0 0 0
1.72 0 0 0 0 0 0
1.74 0 0 0 0 0 0
1.76 0 0 0 0 0 0
1.78 0 0 0 0 0 0
1.8 0 0 0 0 0 0
1.82 0 0 0 0 0 0
1.84 0 0 0 0 0 0
1.86 0 0 0 0 0 0
1.88 0 0 0 0 0 0
1.9 0 0 0 0 0 0
1.92 0 0 0 0 0 0
1.94 0 0 0 0 0 0
1.96 0 0 0 0 0 0
1.98 0 0 0 0 0 0
2 0 0 0 0 0 0
