0.02 4.2539e+09 1.83588e+12 0 2.67043e+09 5.45233e+11 0
0.04 9.91683e+09 5.52254e+12 0 1.32393e+10 3.05116e+12 0
0.06 6.76759e+09 3.37691e+12 0 2.59964e+10 6.18988e+12 0
0.08 5.88193e+09 1.87936e+12 0 3.73276e+10 7.05619e+12 0
0.1 6.46826e+09 1.65214e+12 0 4.47962e+10 8.02905e+12 0
0.12 7.34982e+09 2.14399e+12 0 5.04068e+10 8.93906e+12 0
0.14 7.93953e+09 1.95878e+12 0 5.37371e+10 1.21936e+13 0
0.16 8.6967e+09 2.00432e+12 0 5.67817e+10 1.49537e+13 0
0.18 8.70739e+09 1.88215e+12 0 5.89882e+10 1.75574e+13 0
0.2 8.34e+09 1.61935e+12 0 6.04318e+10 2.01805e+13 0
0.22 8.51075e+09 1.20828e+12 0 6.15351e+10 1.89675e+13 0
0.24 8.59698e+09 9.85896e+11 0 6.23763e+10 1.94138e+13 0
0.26 7.84523e+09 1.03729e+12 0 6.17508e+10 1.65918e+13 0
0.28 6.92465e+09 9.05621e+11 0 6.02478e+10 1.66709e+13 0
0.3 6.50111e+09 6.34377e+11 0 5.77824e+10 1.74054e+13 0
0.32 6.09149e+09 1.65394e+11 0 5.49089e+10 1.57987e+13 0
0.34 5.78311e+09 2.76495e+11 0 5.17169e+10 1.3159e+13 0
0.36 5.40288e+09 3.14842e+11 0 4.93457e+10 1.25617e+13 0
0.38 3.92762e+09 1.92715e+11 0 4.66333e+10 1.0481e+13 0
0.4 4.41872e+09 5.42388e+10 0 4.35877e+10 8.97937e+12 0
0.42 3.1698e+09 2.27809e+11 0 4.06778e+10 8.904e+12 0
0.44 2.74189e+09 6.34169e+10 0 3.7096e+10 7.11951e+12 0
0.46 2.45641e+09 4.30207e+10 0 3.37065e+10 5.89435e+12 0
0.48 2.16613e+09 4.65099e+10 0 3.04818e+10 3.20145e+12 0
0.5 2.23788e+09 4.57953e+10 0 2.75846e+10 4.65342e+12 0
0.52 1.67289e+09 4.36586e+10 0 2.56607e+10 3.0174e+12 0
0.54 1.59036e+09 3.93136e+10 0 2.38416e+10 1.62159e+12 0
0.56 1.02106e+09 3.32186e+10 0 2.16345e+10 3.21588e+12 0
0.58 8.01591e+08 3.37243e+11 0 1.95178e+10 1.89457e+12 0
0.6 5.34956e+08 3.01175e+10 0 1.75084e+10 3.33493e+12 0
0.62 7.12838e+08 2.29418e+10 0 1.62939e+10 1.82695e+12 0
0.64 8.14843e+08 2.18596e+10 0 1.49907e+10 2.29592e+12 0
0.66 6.45468e+08 1.45332e+10 0 1.35878e+10 8.19713e+11 0
0.68 2.66129e+08 1.29149e+10 0 1.23896e+10 8.7363e+11 0
0.7 5.03201e+08 3.34179e+10 0 1.08169e+10 4.51514e+11 0
0.72 6.41228e+07 1.79903e+10 0 9.64846e+09 6.41228e+07 0
0.74 5.90181e+07 2.56036e+10 0 8.43763e+09 5.90181e+07 0
0.76 5.70533e+07 1.67681e+10 0 7.69737e+09 5.70533e+07 0
0.78 5.46103e+07 7.1994e+09 0 7.1994e+09 5.46103e+07 0
0.8 5.16666e+07 1.62885e+10 0 6.61029e+09 5.16666e+07 0
0.82 3.89116e+07 5.78885e+09 0 5.78885e+09 3.89116e+07 0
0.84 1.67814e+07 4.65695e+09 0 4.65695e+09 1.67814e+07 0
0.86 0 1.52242e+10 0 4.04218e+09 0 0
0.88 0 3.5784e+09 0 3.5784e+09 0 0
0.9 0 1.55269e+10 0 3.25512e+09 0 0
0.92 0 2.84639e+09 0 2.84639e+09 0 0
0.94 0 2.63508e+09 0 2.63508e+09 0 0
0.96 0 2.24923e+09 0 2.24923e+09 0 0
0.98 0 2.12446e+09 0 2.12446e+09 0 0
1 0 1.97263e+09 0 1.97263e+09 0 0
1.02 0 1.86483e+09 0 1.86483e+09 0 0
1.04 0 1.77581e+09 0 1.77581e+09 0 0
1.06 0 1.52561e+09 0 1.52561e+09 0 0
1.08 0 1.36947e+09 0 1.36947e+09 0 0
1.1 0 1.35326e+09 0 1.35326e+09 0 0
1.12 0 1.34379e+09 0 1.34379e+09 0 0
1.14 0 1.2268e+09 0 1.2268e+09 0 0
1.16 0 1.19777e+09 0 1.19777e+09 0 0
1.18 0 1.17194e+09 0 1.17194e+09 0 0
1.2 0 1.04626e+09 0 1.04626e+09 0 0
1.22 0 1.00572e+09 0 1.00572e+09 0 0
1.24 0 1.01731e+09 0 1.01731e+09 0 0
1.26 0 9.88928e+08 0 9.88928e+08 0 0
1.28 0 8.97403e+08 0 8.97403e+08 0 0
1.3 0 7.77396e+08 0 7.77396e+08 0 0
1.32 0 7.72074e+08 0 7.72074e+08 0 0
1.34 0 6.24942e+08 0 6.24942e+08 0 0
1.36 0 4.06723e+08 0 4.06723e+08 0 0
1.38 0 2.75083e+08 0 2.75083e+08 0 0
1.4 0 2.8124e+08 0 2.8124e+08 0 0
1.42 0 2.8506e+08 0 2.8506e+08 0 0
1.44 0 2.73526e+08 0 2.73526e+08 0 0
1.46 0 2.1833e+08 0 2.1833e+08 0 0
1.48 0 1.97355e+08 0 1.97355e+08 0 0
1.5 0 2.02191e+08 0 2.02191e+08 0 0
1.52 0 2.02338e+08 0 2.02338e+08 0 0
1.54 0 1.16237e+08 0 1.16237e+08 0 0
1.56 0 1.76808e+07 0 1.76808e+07 0 0
1.58 0 0 0 0 0 0
1.6 0 0 0 0 0 0
1.62 0 0 0 0 0 0
1.64 0 0 0 0 0 0
1.66 0 0 0 0 0 0
1.68 0 0 0 0 0 0
1.7 0 0 0 0 0 0
1.72 0 0 0 0 0 0
1.74 0 0 0 0 0 0
1.76 0 0 0 0 0 0
1.78 0 0 0 0 0 0
1.8 0 0 0 0 0 0
1.82 0 0 0 0 0 0
1.84 0 0 0 0 0 0
1.86 0 0 0 0 0 0
1.88 0 0 0 0 0 0
1.9 0 0 0 0 0 0
1.92 0 0 0 0 0 0
1.94 0 0 0 0 0 0
1.96 0 0 0 0 0 0
1.98 0 0 0 0 0 0
2 0 0 0 0 0 0
