0.02 1.96643e+09 1.40345e+12 0 0 5.66492e+11 0
0.04 6.46765e+09 2.73667e+12 0 0 6.51661e+11 0
0.06 3.79562e+09 1.37309e+11 0 0 4.39682e+12 0
0.08 2.36577e+09 2.37893e+11 0 0 1.16309e+13 0
0.1 2.99419e+09 2.3232e+11 0 0 1.62077e+13 0
0.12 3.67339e+09 2.69242e+11 0 0 2.02626e+13 0
0.14 5.46004e+09 3.3187e+11 0 0 2.85249e+13 0
0.16 5.39407e+09 3.78618e+11 0 0 4.19247e+13 0
0.18 6.25078e+09 3.42727e+11 0 0 5.33759e+13 0
0.2 6.50341e+09 3.35119e+11 0 0 6.12269e+13 0
0.22 6.81741e+09 3.8772e+11 0 0 6.45576e+13 0
0.24 6.57252e+09 3.12885e+11 0 0 6.61192e+13 0
0.26 6.62834e+09 3.1499e+11 0 0 6.32841e+13 0
0.28 7.10088e+09 3.20099e+11 0 0 5.84372e+13 0
0.3 6.37657e+09 3.87869e+11 0 0 5.59941e+13 0
0.32 5.64487e+09 2.9736e+11 0 0 5.31474e+13 0
0.34 5.74053e+09 2.80937e+11 0 0 4.75103e+13 0
0.36 5.26978e+09 2.83228e+11 0 0 4.15339e+13 0
0.38 4.90658e+09 2.51462e+11 0 0 4.09195e+13 0
0.4 5.40613e+09 2.36799e+11 0 0 3.60542e+13 0
0.42 4.45979e+09 3.90119e+11 0 0 3.28678e+13 0
0.44 3.61195e+09 2.25175e+11 0 0 2.80174e+13 0
0.46 3.59069e+09 1.96572e+11 0 0 3.20033e+13 0
0.48 3.62088e+09 1.70458e+11 0 0 2.4162e+13 0
0.5 2.61504e+09 1.62231e+11 0 0 1.88626e+13 0
0.52 2.65969e+09 1.53949e+11 0 0 2.19101e+13 0
0.54 2.03204e+09 1.49415e+11 0 0 1.54645e+13 0
0.56 1.78712e+09 1.4197e+11 0 0 1.64108e+13 0
0.58 2.41098e+09 1.18868e+11 0 0 1.2213e+13 0
0.6 8.67424e+08 1.01976e+11 0 0 8.41113e+12 0
0.62 1.08685e+09 9.37821e+10 0 0 8.63527e+12 0
0.64 1.08063e+09 8.75267e+10 0 0 4.99697e+12 0
0.66 5.82628e+08 1.01856e+11 0 0 6.12332e+12 0
0.68 8.99377e+08 8.50492e+10 0 0 5.23227e+12 0
0.7 9.0841e+08 8.20492e+10 0 0 1.8337e+12 0
0.72 4.28354e+08 5.6098e+10 0 0 3.8623e+12 0
0.74 3.85685e+08 9.32918e+10 0 0 5.17964e+12 0
0.76 5.39959e+08 4.87446e+10 0 0 1.08943e+12 0
0.78 3.08548e+08 7.30937e+10 0 0 5.86229e+11 0
0.8 7.7137e+07 4.27701e+10 0 0 0 0
0.82 0 3.07977e+10 0 0 6.39636e+11 0
0.84 0 7.04368e+10 0 0 6.69651e+11 0
0.86 0 2.52607e+10 0 0 0 0
0.88 0 2.28446e+10 0 0 0 0
0.9 0 1.99926e+10 0 0 0 0
0.92 0 1.8163e+10 0 0 0 0
0.94 0 1.66035e+10 0 0 0 0
0.96 0 5.62526e+10 0 0 0 0
0.98 0 5.65138e+10 0 0 0 0
1 0 1.13633e+10 0 0 0 0
1.02 0 1.03372e+10 0 0 0 0
1.04 0 9.07294e+09 0 0 0 0
1.06 0 8.7655e+09 0 0 0 0
1.08 0 4.38183e+10 0 0 0 0
1.1 0 7.01993e+09 0 0 0 0
1.12 0 5.89625e+09 0 0 0 0
1.14 0 4.47659e+10 0 0 0 0
1.16 0 4.39274e+09 0 0 0 0
1.18 0 4.12888e+09 0 0 0 0
1.2 0 3.88811e+09 0 0 0 0
1.22 0 3.51909e+09 0 0 0 0
1.24 0 3.24642e+09 0 0 0 0
1.26 0 2.77152e+09 0 0 0 0
1.28 0 2.22988e+09 0 0 0 0
1.3 0 1.7339e+09 0 0 0 0
1.32 0 1.51056e+09 0 0 0 0
1.34 0 1.17626e+09 0 0 0 0
1.36 0 1.13512e+09 0 0 0 0
1.38 0 1.06556e+09 0 0 0 0
1.4 0 9.14629e+08 0 0 0 0
1.42 0 6.94535e+08 0 0 0 0
1.44 0 5.91032e+08 0 0 0 0
1.46 0 4.01499e+08 0 0 0 0
1.48 0 2.66241e+08 0 0 0 0
1.5 0 7.61823e+07 0 0 0 0
1.52 0 1.34681e+07 0 0 0 0
1.54 0 0 0 0 0 0
1.56 0 0 0 0 0 0
1.58 0 0 0 0 0 0
1.6 0 0 0 0 0 0
1.62 0 0 0 0 0 0
1.64 0 0 0 0 0 0
1.66 0 0 0 0 0 0
1.68 0 0 0 0 0 0
1.7 0 0 0 0 0 0
1.72 0 0 0 0 0 0
1.74 0 0 0 0 0 0
1.76 0 0 0 0 0 0
1.78 0 0 0 0 0 0
1.8 0 0 0 0 0 0
1.82 0 0 0 0 0 0
1.84 0 0 0 0 0 0
1.86 0 0 0 0 0 0
1.88 0 0 0 0 0 0
1.9 0 0 0 0 0 0
1.92 0 0 0 0 0 0
1.94 0 0 0 0 0 0
1.96 0 0 0 0 0 0
1.98 0 0 0 0 0 0
2 0 0 0 0 0 0
