0.02 4.02423e+09 8.57938e+11 0 2.82824e+09 1.20056e+12 0
0.04 2.00499e+10 4.76779e+12 0 6.61327e+09 3.53828e+12 0
0.06 3.99565e+10 8.82827e+12 0 4.46966e+09 1.82512e+12 0
0.08 5.77928e+10 1.10403e+13 0 3.36391e+09 1.15952e+12 0
0.1 7.06218e+10 1.21511e+13 0 3.66765e+09 1.10302e+12 0
0.12 8.07625e+10 1.57798e+13 0 4.25745e+09 9.51064e+11 0
0.14 9.06368e+10 2.10943e+13 0 4.51215e+09 1.02533e+12 0
0.16 1.0049e+11 2.70472e+13 0 4.98891e+09 1.31256e+12 0
0.18 1.07936e+11 3.21371e+13 0 4.76497e+09 7.93613e+11 0
0.2 1.12962e+11 3.64959e+13 0 4.30651e+09 6.34379e+11 0
0.22 1.16687e+11 3.67026e+13 0 3.13392e+09 7.32751e+11 0
0.24 1.18573e+11 3.77903e+13 0 2.75642e+09 6.61507e+11 0
0.26 1.18484e+11 3.5365e+13 0 2.84286e+09 3.60319e+11 0
0.28 1.16131e+11 3.83428e+13 0 2.41092e+09 6.02977e+11 0
0.3 1.11755e+11 3.2883e+13 0 2.05781e+09 1.8347e+11 0
0.32 1.06609e+11 3.60896e+13 0 2.32698e+09 1.99627e+11 0
0.34 1.00751e+11 3.07244e+13 0 1.88878e+09 1.96147e+11 0
0.36 9.53097e+10 3.15215e+13 0 1.69647e+09 2.08988e+11 0
0.38 8.89701e+10 2.25207e+13 0 1.49822e+09 8.27362e+10 0
0.4 8.09847e+10 2.01161e+13 0 1.4666e+09 7.66072e+10 0
0.42 7.70586e+10 2.37507e+13 0 8.55701e+08 2.30928e+11 0
0.44 6.94545e+10 1.70407e+13 0 1.02494e+09 5.96835e+11 0
0.46 6.53036e+10 1.60828e+13 0 7.2608e+08 2.48187e+11 0
0.48 6.05876e+10 1.10993e+13 0 5.46403e+08 5.47789e+10 0
0.5 5.42763e+10 1.22832e+13 0 1.01235e+09 4.91422e+10 0
0.52 4.98403e+10 9.83557e+12 0 9.04767e+08 4.47201e+10 0
0.54 4.534e+10 5.44766e+12 0 3.64569e+08 4.00381e+10 0
0.56 4.03711e+10 7.34638e+12 0 6.97323e+08 3.61227e+10 0
0.58 3.74093e+10 3.13353e+12 0 5.85532e+08 3.25109e+10 0
0.6 3.41378e+10 7.10072e+12 0 4.27741e+08 2.97049e+10 0
0.62 3.11693e+10 3.25034e+12 0 3.65802e+08 2.63913e+10 0
0.64 2.74946e+10 3.07949e+12 0 2.5344e+08 2.3169e+10 0
0.66 2.6131e+10 2.45361e+12 0 2.10284e+08 2.09977e+10 0
0.68 2.25977e+10 1.79399e+12 0 2.16609e+08 1.87689e+10 0
0.7 1.99222e+10 2.79891e+12 0 2.22507e+08 1.65011e+10 0
0.72 1.7708e+10 2.46933e+12 0 2.27941e+08 1.45066e+10 0
0.74 1.65577e+10 3.09719e+12 0 2.24515e+08 1.28222e+10 0
0.76 1.42648e+10 1.64833e+12 0 1.04409e+08 1.10983e+10 0
0.78 1.23716e+10 1.79305e+10 0 2.12234e+07 9.5514e+09 0
0.8 1.11931e+10 1.2495e+12 0 0 8.44325e+09 0
0.82 9.72692e+09 6.55569e+11 0 0 7.49392e+09 0
0.84 7.20187e+09 3.1926e+10 0 0 6.5964e+09 0
0.86 7.24089e+09 2.25648e+10 0 0 5.74582e+09 0
0.88 6.06298e+09 3.51105e+10 0 0 5.03101e+09 0
0.9 4.88636e+09 3.69416e+10 0 0 4.24138e+09 0
0.92 4.46743e+09 0 0 0 3.69345e+09 0
0.94 3.60372e+09 0 0 0 3.21673e+09 0
0.96 3.69131e+09 2.7686e+10 0 0 2.91733e+09 0
0.98 2.79028e+09 1.45778e+10 0 0 2.66128e+09 0
1 2.57805e+09 1.5067e+10 0 0 2.32006e+09 0
1.02 2.26404e+09 0 0 0 2.00605e+09 0
1.04 1.90574e+09 0 0 0 1.77675e+09 0
1.06 1.52547e+09 0 0 0 1.52547e+09 0
1.08 1.34139e+09 1.75892e+10 0 0 1.34139e+09 0
1.1 1.1704e+09 3.68815e+10 0 0 1.1704e+09 0
1.12 1.04974e+09 3.81703e+10 0 0 1.04974e+09 0
1.14 9.9792e+08 3.91266e+10 0 0 9.9792e+08 0
1.16 9.31234e+08 2.03096e+10 0 0 9.31234e+08 0
1.18 8.28374e+08 0 0 0 8.28374e+08 0
1.2 7.31024e+08 2.1846e+10 0 0 7.31024e+08 0
1.22 5.95127e+08 0 0 0 5.95127e+08 0
1.24 5.25104e+08 2.3526e+10 0 0 5.25104e+08 0
1.26 4.96203e+08 2.40822e+10 0 0 4.96203e+08 0
1.28 4.48928e+08 2.48239e+10 0 0 4.48928e+08 0
1.3 3.72412e+08 0 0 0 3.72412e+08 0
1.32 3.02409e+08 0 0 0 3.02409e+08 0
1.34 2.47761e+08 0 0 0 2.47761e+08 0
1.36 2.05628e+08 0 0 0 2.05628e+08 0
1.38 1.84485e+08 0 0 0 1.84485e+08 0
1.4 1.72849e+08 0 0 0 1.72849e+08 0
1.42 1.24934e+08 0 0 0 1.24934e+08 0
1.44 1.10536e+08 0 0 0 1.10536e+08 0
1.46 9.95961e+07 0 0 0 9.95961e+07 0
1.48 5.95513e+07 3.37798e+10 0 0 5.95513e+07 0
1.5 4.60781e+07 0 0 0 4.60781e+07 0
1.52 4.33477e+07 0 0 0 4.33477e+07 0
1.54 4.04219e+07 0 0 0 4.04219e+07 0
1.56 3.72965e+07 0 0 0 3.72965e+07 0
1.58 3.39673e+07 0 0 0 3.39673e+07 0
1.6 2.67134e+07 0 0 0 2.67134e+07 0
1.62 2.16634e+07 0 0 0 2.16634e+07 0
1.64 3.0437e+06 0 0 0 3.0437e+06 0
1.66 0 0 0 0 0 0
1.68 0 0 0 0 0 0
1.7 0 0 0 0 0 0
1.72 0 0 0 0 0 0
1.74 0 0 0 0 0 0
1.76 0 0 0 0 0 0
1.78 0 0 0 0 0 0
1.8 0 0 0 0 0 0
1.82 0 0 0 0 0 0
1.84 0 0 0 0 0 0
1.86 0 0 0 0 0 0
1.88 0 0 0 0 0 0
1.9 0 0 0 0 0 0
1.92 0 0 0 0 0 0
1.94 0 0 0 0 0 0
1.96 0 0 0 0 0 0
1.98 0 0 0 0 0 0
2 0 0 0 0 0 0
