0.02 9.91651e+13 8.93907e+15 0 9.91651e+13 9.2308e+15 0
0.04 5.57204e+14 9.23623e+15 0 5.57204e+14 2.00189e+16 0
0.06 1.27915e+15 5.70629e+16 0 1.27915e+15 1.6878e+15 0
0.08 2.12836e+15 1.55534e+17 0 2.12836e+15 2.59854e+15 0
0.1 2.90464e+15 2.13608e+17 0 2.90464e+15 3.06844e+15 0
0.12 3.52278e+15 3.09413e+17 0 3.52278e+15 3.85304e+15 0
0.14 4.05324e+15 4.71049e+17 0 4.05324e+15 4.40477e+15 0
0.16 4.50052e+15 6.81855e+17 0 4.50052e+15 4.87862e+15 0
0.18 4.89103e+15 9.15259e+17 0 4.89103e+15 5.14508e+15 0
0.2 5.15896e+15 1.04213e+18 0 5.15896e+15 5.817e+15 0
0.22 5.3116e+15 1.15061e+18 0 5.3116e+15 5.28889e+15 0
0.24 5.33034e+15 1.19596e+18 0 5.33034e+15 5.85282e+15 0
0.26 5.24297e+15 1.21155e+18 0 5.24297e+15 6.41464e+15 0
0.28 5.09665e+15 1.20934e+18 0 5.09665e+15 5.07391e+15 0
0.3 4.84883e+15 1.12902e+18 0 4.84883e+15 4.83512e+15 0
0.32 4.59671e+15 1.13663e+18 0 4.59671e+15 4.57894e+15 0
0.34 4.31474e+15 1.0228e+18 0 4.31474e+15 4.29253e+15 0
0.36 4.01745e+15 9.38482e+17 0 4.01745e+15 3.99593e+15 0
0.38 3.7166e+15 9.69375e+17 0 3.7166e+15 3.70253e+15 0
0.4 3.43546e+15 9.3408e+17 0 3.43546e+15 3.42598e+15 0
0.42 3.16484e+15 8.5698e+17 0 3.16484e+15 3.15535e+15 0
0.44 2.9249e+15 7.65696e+17 0 2.9249e+15 2.91807e+15 0
0.46 2.70036e+15 7.52811e+17 0 2.70036e+15 2.69386e+15 0
0.48 2.47247e+15 6.80795e+17 0 2.47247e+15 2.47257e+15 0
0.5 2.27262e+15 5.9436e+17 0 2.27262e+15 2.26718e+15 0
0.52 2.075e+15 5.92368e+17 0 2.075e+15 2.06902e+15 0
0.54 1.89331e+15 5.28185e+17 0 1.89331e+15 1.88787e+15 0
0.56 1.72685e+15 4.22479e+17 0 1.72685e+15 1.72359e+15 0
0.58 1.5879e+15 3.9001e+17 0 1.5879e+15 1.58355e+15 0
0.6 1.44421e+15 3.67054e+17 0 1.44421e+15 1.43986e+15 0
0.62 1.32294e+15 2.89106e+17 0 1.32294e+15 1.31805e+15 0
0.64 1.20288e+15 2.56944e+17 0 1.20288e+15 1.19853e+15 0
0.66 1.09645e+15 2.62491e+17 0 1.09645e+15 1.09645e+15 0
0.68 1.00741e+15 2.08432e+17 0 1.00741e+15 1.00578e+15 0
0.7 9.19893e+14 2.03228e+17 0 9.19893e+14 9.19893e+14 0
0.72 8.33571e+14 1.70676e+17 0 8.33571e+14 8.33571e+14 0
0.74 7.49768e+14 1.80167e+17 0 7.49768e+14 7.49768e+14 0
0.76 6.78993e+14 1.14262e+17 0 6.78993e+14 6.78993e+14 0
0.78 6.09831e+14 2.88747e+16 0 6.09831e+14 6.09831e+14 0
0.8 5.47747e+14 5.43473e+16 0 5.47747e+14 5.47747e+14 0
0.82 4.93907e+14 6.3884e+16 0 4.93907e+14 4.93907e+14 0
0.84 4.40173e+14 2.06833e+16 0 4.40173e+14 4.40173e+14 0
0.86 3.94712e+14 2.09544e+16 0 3.94712e+14 3.94712e+14 0
0.88 3.52042e+14 0 0 3.52042e+14 3.52042e+14 0
0.9 3.12565e+14 1.2475e+14 0 3.12565e+14 3.12565e+14 0
0.92 2.84906e+14 8.27456e+15 0 2.84906e+14 2.84906e+14 0
0.94 2.5873e+14 0 0 2.5873e+14 2.5873e+14 0
0.96 2.32074e+14 2.81872e+14 0 2.32074e+14 2.32074e+14 0
0.98 2.0854e+14 0 0 2.0854e+14 2.0854e+14 0
1 1.87272e+14 0 0 1.87272e+14 1.87272e+14 0
1.02 1.65956e+14 0 0 1.65956e+14 1.65956e+14 0
1.04 1.46749e+14 1.66653e+14 0 1.46749e+14 1.46749e+14 0
1.06 1.27644e+14 3.43488e+14 0 1.27644e+14 1.27644e+14 0
1.08 1.1055e+14 1.80099e+14 0 1.1055e+14 1.1055e+14 0
1.1 9.59914e+13 1.81804e+14 0 9.59914e+13 9.59914e+13 0
1.12 8.54094e+13 0 0 8.54094e+13 8.54094e+13 0
1.14 7.41997e+13 0 0 7.41997e+13 7.41997e+13 0
1.16 6.47522e+13 0 0 6.47522e+13 6.47522e+13 0
1.18 5.66821e+13 0 0 5.66821e+13 5.66821e+13 0
1.2 4.99432e+13 0 0 4.99432e+13 4.99432e+13 0
1.22 4.49376e+13 0 0 4.49376e+13 4.49376e+13 0
1.24 3.95684e+13 0 0 3.95684e+13 3.95684e+13 0
1.26 3.32939e+13 0 0 3.32939e+13 3.32939e+13 0
1.28 2.9111e+13 0 0 2.9111e+13 2.9111e+13 0
1.3 2.62596e+13 0 0 2.62596e+13 2.62596e+13 0
1.32 2.32811e+13 0 0 2.32811e+13 2.32811e+13 0
1.34 2.09238e+13 0 0 2.09238e+13 2.09238e+13 0
1.36 1.7599e+13 0 0 1.7599e+13 1.7599e+13 0
1.38 1.55128e+13 0 0 1.55128e+13 1.55128e+13 0
1.4 1.35097e+13 0 0 1.35097e+13 1.35097e+13 0
1.42 1.18103e+13 0 0 1.18103e+13 1.18103e+13 0
1.44 1.06374e+13 0 0 1.06374e+13 1.06374e+13 0
1.46 9.23182e+12 0 0 9.23182e+12 9.23182e+12 0
1.48 8.23181e+12 0 0 8.23181e+12 8.23181e+12 0
1.5 6.69527e+12 0 0 6.69527e+12 6.69527e+12 0
1.52 5.79378e+12 0 0 5.79378e+12 5.79378e+12 0
1.54 4.80352e+12 0 0 4.80352e+12 4.80352e+12 0
1.56 3.82984e+12 0 0 3.82984e+12 3.82984e+12 0
1.58 3.28401e+12 0 0 3.28401e+12 3.28401e+12 0
1.6 2.67777e+12 0 0 2.67777e+12 2.67777e+12 0
1.62 2.16485e+12 0 0 2.16485e+12 2.16485e+12 0
1.64 1.74672e+12 0 0 1.74672e+12 1.74672e+12 0
1.66 1.52207e+12 0 0 1.52207e+12 1.52207e+12 0
1.68 1.14808e+12 0 0 1.14808e+12 1.14808e+12 0
1.7 7.50388e+11 0 0 7.50388e+11 7.50388e+11 0
1.72 5.1188e+11 0 0 5.1188e+11 5.1188e+11 0
1.74 2.54468e+11 0 0 2.54468e+11 2.54468e+11 0
1.76 1.88536e+11 0 0 1.88536e+11 1.88536e+11 0
1.78 7.27642e+10 0 0 7.27642e+10 7.27642e+10 0
1.8 0 0 0 0 0 0
1.82 0 0 0 0 0 0
1.84 0 0 0 0 0 0
1.86 0 0 0 0 0 0
1.88 0 0 0 0 0 0
1.9 0 0 0 0 0 0
1.92 0 0 0 0 0 0
1.94 0 0 0 0 0 0
1.96 0 0 0 0 0 0
1.98 0 0 0 0 0 0
2 0 0 0 0 0 0
