0.02 9.91651e+09 8.93907e+11 0 9.91651e+09 9.2308e+11 0
0.04 5.57204e+10 9.23623e+11 0 5.57204e+10 2.00189e+12 0
0.06 1.27915e+11 5.70629e+12 0 1.27915e+11 1.6878e+11 0
0.08 2.12836e+11 1.55534e+13 0 2.12836e+11 2.59854e+11 0
0.1 2.90464e+11 2.13608e+13 0 2.90464e+11 3.06844e+11 0
0.12 3.52278e+11 3.09413e+13 0 3.52278e+11 3.85304e+11 0
0.14 4.05324e+11 4.71049e+13 0 4.05324e+11 4.40477e+11 0
0.16 4.50052e+11 6.81855e+13 0 4.50052e+11 4.87862e+11 0
0.18 4.89103e+11 9.15259e+13 0 4.89103e+11 5.14508e+11 0
0.2 5.15896e+11 1.04213e+14 0 5.15896e+11 5.817e+11 0
0.22 5.3116e+11 1.15061e+14 0 5.3116e+11 5.28889e+11 0
0.24 5.33034e+11 1.19596e+14 0 5.33034e+11 5.85282e+11 0
0.26 5.24297e+11 1.21155e+14 0 5.24297e+11 6.41464e+11 0
0.28 5.09665e+11 1.20934e+14 0 5.09665e+11 5.07391e+11 0
0.3 4.84883e+11 1.12902e+14 0 4.84883e+11 4.83512e+11 0
0.32 4.59671e+11 1.13663e+14 0 4.59671e+11 4.57894e+11 0
0.34 4.31474e+11 1.0228e+14 0 4.31474e+11 4.29253e+11 0
0.36 4.01745e+11 9.38482e+13 0 4.01745e+11 3.99593e+11 0
0.38 3.7166e+11 9.69375e+13 0 3.7166e+11 3.70253e+11 0
0.4 3.43546e+11 9.3408e+13 0 3.43546e+11 3.42598e+11 0
0.42 3.16484e+11 8.5698e+13 0 3.16484e+11 3.15535e+11 0
0.44 2.9249e+11 7.65696e+13 0 2.9249e+11 2.91807e+11 0
0.46 2.70036e+11 7.52811e+13 0 2.70036e+11 2.69386e+11 0
0.48 2.47247e+11 6.80795e+13 0 2.47247e+11 2.47257e+11 0
0.5 2.27262e+11 5.9436e+13 0 2.27262e+11 2.26718e+11 0
0.52 2.075e+11 5.92368e+13 0 2.075e+11 2.06902e+11 0
0.54 1.89331e+11 5.28185e+13 0 1.89331e+11 1.88787e+11 0
0.56 1.72685e+11 4.22479e+13 0 1.72685e+11 1.72359e+11 0
0.58 1.5879e+11 3.9001e+13 0 1.5879e+11 1.58355e+11 0
0.6 1.44421e+11 3.67054e+13 0 1.44421e+11 1.43986e+11 0
0.62 1.32294e+11 2.89106e+13 0 1.32294e+11 1.31805e+11 0
0.64 1.20288e+11 2.56944e+13 0 1.20288e+11 1.19853e+11 0
0.66 1.09645e+11 2.62491e+13 0 1.09645e+11 1.09645e+11 0
0.68 1.00741e+11 2.08432e+13 0 1.00741e+11 1.00578e+11 0
0.7 9.19893e+10 2.03228e+13 0 9.19893e+10 9.19893e+10 0
0.72 8.33571e+10 1.70676e+13 0 8.33571e+10 8.33571e+10 0
0.74 7.49768e+10 1.80167e+13 0 7.49768e+10 7.49768e+10 0
0.76 6.78993e+10 1.14262e+13 0 6.78993e+10 6.78993e+10 0
0.78 6.09831e+10 2.88747e+12 0 6.09831e+10 6.09831e+10 0
0.8 5.47747e+10 5.43473e+12 0 5.47747e+10 5.47747e+10 0
0.82 4.93907e+10 6.3884e+12 0 4.93907e+10 4.93907e+10 0
0.84 4.40173e+10 2.06833e+12 0 4.40173e+10 4.40173e+10 0
0.86 3.94712e+10 2.09544e+12 0 3.94712e+10 3.94712e+10 0
0.88 3.52042e+10 0 0 3.52042e+10 3.52042e+10 0
0.9 3.12565e+10 1.2475e+10 0 3.12565e+10 3.12565e+10 0
0.92 2.84906e+10 8.27456e+11 0 2.84906e+10 2.84906e+10 0
0.94 2.5873e+10 0 0 2.5873e+10 2.5873e+10 0
0.96 2.32074e+10 2.81872e+10 0 2.32074e+10 2.32074e+10 0
0.98 2.0854e+10 0 0 2.0854e+10 2.0854e+10 0
1 1.87272e+10 0 0 1.87272e+10 1.87272e+10 0
1.02 1.65956e+10 0 0 1.65956e+10 1.65956e+10 0
1.04 1.46749e+10 1.66653e+10 0 1.46749e+10 1.46749e+10 0
1.06 1.27644e+10 3.43488e+10 0 1.27644e+10 1.27644e+10 0
1.08 1.1055e+10 1.80099e+10 0 1.1055e+10 1.1055e+10 0
1.1 9.59914e+09 1.81804e+10 0 9.59914e+09 9.59914e+09 0
1.12 8.54094e+09 0 0 8.54094e+09 8.54094e+09 0
1.14 7.41997e+09 0 0 7.41997e+09 7.41997e+09 0
1.16 6.47522e+09 0 0 6.47522e+09 6.47522e+09 0
1.18 5.66821e+09 0 0 5.66821e+09 5.66821e+09 0
1.2 4.99432e+09 0 0 4.99432e+09 4.99432e+09 0
1.22 4.49376e+09 0 0 4.49376e+09 4.49376e+09 0
1.24 3.95684e+09 0 0 3.95684e+09 3.95684e+09 0
1.26 3.32939e+09 0 0 3.32939e+09 3.32939e+09 0
1.28 2.9111e+09 0 0 2.9111e+09 2.9111e+09 0
1.3 2.62596e+09 0 0 2.62596e+09 2.62596e+09 0
1.32 2.32811e+09 0 0 2.32811e+09 2.32811e+09 0
1.34 2.09238e+09 0 0 2.09238e+09 2.09238e+09 0
1.36 1.7599e+09 0 0 1.7599e+09 1.7599e+09 0
1.38 1.55128e+09 0 0 1.55128e+09 1.55128e+09 0
1.4 1.35097e+09 0 0 1.35097e+09 1.35097e+09 0
1.42 1.18103e+09 0 0 1.18103e+09 1.18103e+09 0
1.44 1.06374e+09 0 0 1.06374e+09 1.06374e+09 0
1.46 9.23182e+08 0 0 9.23182e+08 9.23182e+08 0
1.48 8.23181e+08 0 0 8.23181e+08 8.23181e+08 0
1.5 6.69527e+08 0 0 6.69527e+08 6.69527e+08 0
1.52 5.79378e+08 0 0 5.79378e+08 5.79378e+08 0
1.54 4.80352e+08 0 0 4.80352e+08 4.80352e+08 0
1.56 3.82984e+08 0 0 3.82984e+08 3.82984e+08 0
1.58 3.28401e+08 0 0 3.28401e+08 3.28401e+08 0
1.6 2.67777e+08 0 0 2.67777e+08 2.67777e+08 0
1.62 2.16485e+08 0 0 2.16485e+08 2.16485e+08 0
1.64 1.74672e+08 0 0 1.74672e+08 1.74672e+08 0
1.66 1.52207e+08 0 0 1.52207e+08 1.52207e+08 0
1.68 1.14808e+08 0 0 1.14808e+08 1.14808e+08 0
1.7 7.50388e+07 0 0 7.50388e+07 7.50388e+07 0
1.72 5.1188e+07 0 0 5.1188e+07 5.1188e+07 0
1.74 2.54468e+07 0 0 2.54468e+07 2.54468e+07 0
1.76 1.88536e+07 0 0 1.88536e+07 1.88536e+07 0
1.78 7.27642e+06 0 0 7.27642e+06 7.27642e+06 0
1.8 0 0 0 0 0 0
1.82 0 0 0 0 0 0
1.84 0 0 0 0 0 0
1.86 0 0 0 0 0 0
1.88 0 0 0 0 0 0
1.9 0 0 0 0 0 0
1.92 0 0 0 0 0 0
1.94 0 0 0 0 0 0
1.96 0 0 0 0 0 0
1.98 0 0 0 0 0 0
2 0 0 0 0 0 0
